Резисторы постоянные непроволочные
Металлодиэлектрические (кроме прецизионных),Металлодиэлектрические прецизионные,Металлизированные
0,35;0,40;0,45;0,51;0,58;0,65;0,72;0,81;0,90;1,00
0,36;0,41;0,47;0,53;0,59;0,67;0,75;0,84;0,94;1,05
0,37;0,42;0,48;,0,55;0,62;0,69;0,78;0,87;0,98;1,09
Композиционные пленочные
0,27;0,33;0,39;0,45
0,29;0,35;0,41;0,48
0,31;0,37;0,44;0,52
Композиционные объемные
0,44;0,47;0,50;0,54
0,46;0,49;0,53;0,57
0,49;0,52;0,56;0,61
Резисторы постоянные проволочные и металлофольговые
Нагрузочные
0,14;0,17;0,21;0,26;0,32;0,40;0,50;0,62;0,79;1,00
0,15;0,18;0,22;0,27;0,34;0,42;0,53;0,67;0,85;1,09
0,16;0,19;0,23;0,29;0,36;0,46;0,58;0,73;0,93;1,18
